25
1 20
2
3 1 3
1 1 3
1 2 2 1
2 0
1 2 1 3
2 2 3 3
1 1 2
3 1 2
3 3 1 1 1
3 1 1
2 0
1 0
1 2 1 1
2 1 3
3 1 2
1 1 1
1 0
3 1 2
3 0
1 2 3 2
1 4
1
1 0
1 2 1 3
2 0
3 1 2
2 13
2 2
2 2 2 2
2 1 2
2 0
2 1 2
2 1 2
2 1 2
2 0
2 0
2 0
2 3 2 2 2
2 0
2 1 2
2 0
10 20
1 2 3 4 5 6 7 8 9 10
9 0
7 0
5 1 5
7 1 7
5 0
1 0
8 0
10 1 10
9 1 9
4 1 4
1 1 1
8 1 8
3 1 3
10 0
3 0
2 1 2
4 0
6 1 6
2 0
6 0
3 19
1 1 1
1 0
1 0
1 0
1 0
1 0
1 0
1 1 1
1 1 1
1 1 1
1 1 1
1 1 1
1 1 1
1 1 1
1 1 1
1 1 1
1 2 1 1
1 2 1 1
1 2 1 1
1 2 1 1
2 20
2 1
3 0
2 2 3 1
1 1 3
1 1 1
2 1 3
2 3 3 3 1
2 2 3 2
2 1 3
3 2 1 1
3 1 1
2 2 1 1
2 1 2
3 0
2 3 1 2 3
1 3 3 2 3
3 2 1 1
1 1 2
1 4 1 2 2 3
1 0
2 2 1 3
1 1
2
2 3 1 2 3
4 20
3 2 3 4
4 0
1 1 3
1 2 2 2
3 0
4 0
3 1 3
3 2 4 1
2 1 1
1 1 2
1 1 1
2 4 4 2 4 3
4 0
3 1 3
1 1 1
1 1 4
4 0
4 0
2 2 2 4
3 3 4 4 1
4 1 2
1 1
2
1 1 1
1 1
2
2 0
2 20
1 2
4 1 4
1 1 2
2 3 3 1 1
4 0
1 3 4 4 4
3 1 2
2 2 4 4
2 2 3 3
4 3 1 3 2
2 2 3 1
1 1 3
1 1 3
1 1 2
4 0
1 1 3
4 1 1
4 3 3 3 4
2 5 1 1 1 4 3
4 1 1
3 2 4 4
2 9
13 13
13 0
13 1 13
13 1 13
13 1 13
13 0
13 1 13
13 0
13 2 13 13
13 1 13
23 5
1 4 1 2 2 1 4 4 2 1 1 2 4 3 4 1 3 4 3 4 4 4 1
3 2 2 3
1 2 2 4
3 1 3
3 1 1
4 0
3 3
1 1 1
1 0
1 0
1 0
3 10
1 2 2
1 2 1 1
1 3 2 2 2
1 1 2
1 1 1
1 0
1 1 1
1 1 2
2 2 2 1
2 2 2 2
1 1 2
3 20
17 2 14
14 2 10 6
15 2 13 7
13 1 16
10 1 18
20 3 14 11 5
11 2 9 13
5 1 1
8 1 10
2 3 2 10 19
12 2 19 19
7 2 9 20
18 1 4
4 1 9
6 2 9 2
19 1 3
17 2 2 11
3 3 9 8 17
9 2 8 17
1 3 9 9 12
16 2 16 15
2 20
10 19
2 1 20
11 1 2
7 3 10 11 11
20 1 7
14 1 20
3 2 5 14
6 2 11 3
8 1 6
15 2 5 8
12 1 15
13 1 12
4 1 13
16 1 4
1 1 16
18 1 1
9 1 18
10 2 11 9
17 2 1 10
5 2 11 17
19 1 5
20 15
5 3 2 3 4 1 1 1 2 4 4 2 2 5 3 3 2 5 4 1
4 1 5
5 1 2
1 3 3 2 2
1 3 5 3 2
1 0
5 0
4 1 3
5 0
2 2 4 3
5 0
3 3 2 5 3
1 2 4 1
4 0
4 2 5 3
1 2 3 3
1 2
2
2 0
2 1 2
3 20
1 3 3
2 3 1 3 3
1 2 2 1
3 0
3 1 1
1 3 2 1 2
2 0
1 3 2 3 3
3 0
3 1 3
3 1 1
1 3 1 2 1
2 1 1
3 0
2 2 2 3
3 2 3 1
2 1 1
3 1 1
1 0
2 2 2 2
1 1 3
3 5
2 2 1
1 1 2
1 2 2 2
2 0
2 1 1
2 2 2 2
1 1
2
1 3 1 2 3
1 15
1
2 1 2
1 2 3 2
3 1 1
1 2 2 3
3 2 2 3
3 2 2 3
3 0
2 0
3 4 3 1 3 2
1 1 2
3 1 2
1 1 3
3 1 1
3 1 1
1 1 3
5 15
3 2 3 3 2
1 2 2 2
1 0
3 2 2 3
3 1 3
1 1 3
2 2 2 1
2 2 2 1
2 2 3 2
3 1 3
3 1 3
1 1 1
1 3 2 1 3
2 2 1 2
1 1 2
3 2 3 2
2 10
3 4
6 4 5 1 2 2
1 0
3 2 2 4
4 2 3 2
6 5 4 5 5 2 6
3 2 1 6
3 2 2 3
1 4 4 5 4 3
5 3 5 4 1
1 1 1
